{
 "cells": [
  {
   "cell_type": "markdown",
   "metadata": {},
   "source": [
    "### Question1:\n",
    "\n",
    "Six-Sigma:\n",
    "1. In statistics, Si Sigma is a statistical measurement of how far a process deviates from perfection.\n",
    "2. Six-Sigma has a failure rate of 0.00034% only i.e. 3.4 errors per one million events, alternatively we can say that 99.99966 % of success rate.\n",
    "3. Our main aim is to decrease the process variation in order to increase your process sigma resulting in greater customer satisfaction.\n",
    "\n",
    "E.g.:\n",
    "For example, let's say a company manufactures one million car engines in a month. According to the Six Sigma standard, it should produce only 3.4 defective engines within that month. If the actual number of defective engines produced is higher than 3.4, it indicates that the process is not performing at the Six Sigma level and needs improvement to reduce defects and increase efficiency.\n"
   ]
  },
  {
   "cell_type": "markdown",
   "metadata": {},
   "source": [
    "### Question 2:\n",
    "\n",
    "Log-normal or Gaussian distributions are mostly used for continous distribution.\n",
    "So, there are several types of data which can not follow it, such as \n",
    "- Categorical data: Suppose you have data on the type of fruits sold in a grocery store. The categories could be \"Apples,\" \"Oranges,\" \"Bananas,\" etc.\n",
    "- Count data: Consider the number of customers entering a store in each hour. You count the number of customers in each hour, resulting in count data.\n",
    "- Ordinal data: Suppose you survey individuals and ask them to rate their satisfaction on a scale from 1 to 5, where 1 represents \"Very Dissatisfied\" and 5 represents \"Very Satisfied.\" \n"
   ]
  },
  {
   "cell_type": "markdown",
   "metadata": {},
   "source": [
    "### Question3:\n",
    "The five-number summary is a descriptive statistics technique used to summarize the distribution of a dataset.\n",
    "\n",
    "It consists of\n",
    "\n",
    "1. Minimum: The smallest value in the dataset.\n",
    "2. First Quartile (Q1): The value below which 25% of the data falls. It is also the 25th percentile of the dataset.\n",
    "3. Median (Q2): The middle value of the dataset when it is sorted in ascending order. It represents the value below which 50% of the data falls. \n",
    "4. Third Quartile (Q3): The value below which 75% of the data falls. It is also the 75th percentile of the dataset.\n",
    "5. Maximum: The largest value in the dataset.\n",
    "\n",
    "The five-number summary is often used to create box plots, which visually display the distribution of the data and identify any outliers.\n",
    "\n",
    "Example: [ 2, 3, 4, 5, 5, 6, 6, 7, 8, 9, 10]\n",
    "\n",
    "Five-number summary:\n",
    "1. Minimum: 2\n",
    "2. Q1 (First Quartile): 4\n",
    "3. Median: 6\n",
    "4. Q3 (Third Quartile): 8\n",
    "5. Maximum: 10\n",
    "\n",
    "\n"
   ]
  },
  {
   "cell_type": "markdown",
   "metadata": {},
   "source": [
    "### Question4:\n",
    "* Correlation is a statistical measure that describes the strength and direction of a relationship between two variables. \n",
    "* It indicates how much and in what direction two variables change together. \n",
    "* It helps us understand the relationship between two variables by quantifying the strength and direction of their association.\n",
    "* The correlation coefficient ranges from -1 to 1.\n",
    "\t- > 0: Positive correlation: When the values of one variable increase, the values of the other variable also tend to increase.\n",
    "\t- 0: Neutral correlation: It indicated that there is no linear relationship between the two variables\n",
    "\t- < 0: Negative correlation: When the values of one variable increase, the values of the other variable tend to decrease."
   ]
  },
  {
   "cell_type": "code",
   "execution_count": 2,
   "metadata": {},
   "outputs": [
    {
     "data": {
      "text/html": [
       "<div>\n",
       "<style scoped>\n",
       "    .dataframe tbody tr th:only-of-type {\n",
       "        vertical-align: middle;\n",
       "    }\n",
       "\n",
       "    .dataframe tbody tr th {\n",
       "        vertical-align: top;\n",
       "    }\n",
       "\n",
       "    .dataframe thead th {\n",
       "        text-align: right;\n",
       "    }\n",
       "</style>\n",
       "<table border=\"1\" class=\"dataframe\">\n",
       "  <thead>\n",
       "    <tr style=\"text-align: right;\">\n",
       "      <th></th>\n",
       "      <th>Id</th>\n",
       "      <th>Cl.thickness</th>\n",
       "      <th>Cell.size</th>\n",
       "      <th>Cell.shape</th>\n",
       "      <th>Marg.adhesion</th>\n",
       "      <th>Epith.c.size</th>\n",
       "      <th>Bare.nuclei</th>\n",
       "      <th>Bl.cromatin</th>\n",
       "      <th>Normal.nucleoli</th>\n",
       "      <th>Mitoses</th>\n",
       "      <th>Class</th>\n",
       "    </tr>\n",
       "  </thead>\n",
       "  <tbody>\n",
       "    <tr>\n",
       "      <th>Id</th>\n",
       "      <td>1.000000</td>\n",
       "      <td>-0.055308</td>\n",
       "      <td>-0.041603</td>\n",
       "      <td>-0.041576</td>\n",
       "      <td>-0.064878</td>\n",
       "      <td>-0.045528</td>\n",
       "      <td>-0.099248</td>\n",
       "      <td>-0.060051</td>\n",
       "      <td>-0.052072</td>\n",
       "      <td>-0.034901</td>\n",
       "      <td>-0.080226</td>\n",
       "    </tr>\n",
       "    <tr>\n",
       "      <th>Cl.thickness</th>\n",
       "      <td>-0.055308</td>\n",
       "      <td>1.000000</td>\n",
       "      <td>0.644913</td>\n",
       "      <td>0.654589</td>\n",
       "      <td>0.486356</td>\n",
       "      <td>0.521816</td>\n",
       "      <td>0.593091</td>\n",
       "      <td>0.558428</td>\n",
       "      <td>0.535835</td>\n",
       "      <td>0.350034</td>\n",
       "      <td>0.716001</td>\n",
       "    </tr>\n",
       "    <tr>\n",
       "      <th>Cell.size</th>\n",
       "      <td>-0.041603</td>\n",
       "      <td>0.644913</td>\n",
       "      <td>1.000000</td>\n",
       "      <td>0.906882</td>\n",
       "      <td>0.705582</td>\n",
       "      <td>0.751799</td>\n",
       "      <td>0.691709</td>\n",
       "      <td>0.755721</td>\n",
       "      <td>0.722865</td>\n",
       "      <td>0.458693</td>\n",
       "      <td>0.817904</td>\n",
       "    </tr>\n",
       "    <tr>\n",
       "      <th>Cell.shape</th>\n",
       "      <td>-0.041576</td>\n",
       "      <td>0.654589</td>\n",
       "      <td>0.906882</td>\n",
       "      <td>1.000000</td>\n",
       "      <td>0.683079</td>\n",
       "      <td>0.719668</td>\n",
       "      <td>0.713878</td>\n",
       "      <td>0.735948</td>\n",
       "      <td>0.719446</td>\n",
       "      <td>0.438911</td>\n",
       "      <td>0.818934</td>\n",
       "    </tr>\n",
       "    <tr>\n",
       "      <th>Marg.adhesion</th>\n",
       "      <td>-0.064878</td>\n",
       "      <td>0.486356</td>\n",
       "      <td>0.705582</td>\n",
       "      <td>0.683079</td>\n",
       "      <td>1.000000</td>\n",
       "      <td>0.599599</td>\n",
       "      <td>0.670648</td>\n",
       "      <td>0.666715</td>\n",
       "      <td>0.603352</td>\n",
       "      <td>0.417633</td>\n",
       "      <td>0.696800</td>\n",
       "    </tr>\n",
       "    <tr>\n",
       "      <th>Epith.c.size</th>\n",
       "      <td>-0.045528</td>\n",
       "      <td>0.521816</td>\n",
       "      <td>0.751799</td>\n",
       "      <td>0.719668</td>\n",
       "      <td>0.599599</td>\n",
       "      <td>1.000000</td>\n",
       "      <td>0.585716</td>\n",
       "      <td>0.616102</td>\n",
       "      <td>0.628881</td>\n",
       "      <td>0.479101</td>\n",
       "      <td>0.682785</td>\n",
       "    </tr>\n",
       "    <tr>\n",
       "      <th>Bare.nuclei</th>\n",
       "      <td>-0.099248</td>\n",
       "      <td>0.593091</td>\n",
       "      <td>0.691709</td>\n",
       "      <td>0.713878</td>\n",
       "      <td>0.670648</td>\n",
       "      <td>0.585716</td>\n",
       "      <td>1.000000</td>\n",
       "      <td>0.680615</td>\n",
       "      <td>0.584280</td>\n",
       "      <td>0.339210</td>\n",
       "      <td>0.822696</td>\n",
       "    </tr>\n",
       "    <tr>\n",
       "      <th>Bl.cromatin</th>\n",
       "      <td>-0.060051</td>\n",
       "      <td>0.558428</td>\n",
       "      <td>0.755721</td>\n",
       "      <td>0.735948</td>\n",
       "      <td>0.666715</td>\n",
       "      <td>0.616102</td>\n",
       "      <td>0.680615</td>\n",
       "      <td>1.000000</td>\n",
       "      <td>0.665878</td>\n",
       "      <td>0.344169</td>\n",
       "      <td>0.756616</td>\n",
       "    </tr>\n",
       "    <tr>\n",
       "      <th>Normal.nucleoli</th>\n",
       "      <td>-0.052072</td>\n",
       "      <td>0.535835</td>\n",
       "      <td>0.722865</td>\n",
       "      <td>0.719446</td>\n",
       "      <td>0.603352</td>\n",
       "      <td>0.628881</td>\n",
       "      <td>0.584280</td>\n",
       "      <td>0.665878</td>\n",
       "      <td>1.000000</td>\n",
       "      <td>0.428336</td>\n",
       "      <td>0.712244</td>\n",
       "    </tr>\n",
       "    <tr>\n",
       "      <th>Mitoses</th>\n",
       "      <td>-0.034901</td>\n",
       "      <td>0.350034</td>\n",
       "      <td>0.458693</td>\n",
       "      <td>0.438911</td>\n",
       "      <td>0.417633</td>\n",
       "      <td>0.479101</td>\n",
       "      <td>0.339210</td>\n",
       "      <td>0.344169</td>\n",
       "      <td>0.428336</td>\n",
       "      <td>1.000000</td>\n",
       "      <td>0.423170</td>\n",
       "    </tr>\n",
       "    <tr>\n",
       "      <th>Class</th>\n",
       "      <td>-0.080226</td>\n",
       "      <td>0.716001</td>\n",
       "      <td>0.817904</td>\n",
       "      <td>0.818934</td>\n",
       "      <td>0.696800</td>\n",
       "      <td>0.682785</td>\n",
       "      <td>0.822696</td>\n",
       "      <td>0.756616</td>\n",
       "      <td>0.712244</td>\n",
       "      <td>0.423170</td>\n",
       "      <td>1.000000</td>\n",
       "    </tr>\n",
       "  </tbody>\n",
       "</table>\n",
       "</div>"
      ],
      "text/plain": [
       "                       Id  Cl.thickness  Cell.size  Cell.shape  Marg.adhesion  \\\n",
       "Id               1.000000     -0.055308  -0.041603   -0.041576      -0.064878   \n",
       "Cl.thickness    -0.055308      1.000000   0.644913    0.654589       0.486356   \n",
       "Cell.size       -0.041603      0.644913   1.000000    0.906882       0.705582   \n",
       "Cell.shape      -0.041576      0.654589   0.906882    1.000000       0.683079   \n",
       "Marg.adhesion   -0.064878      0.486356   0.705582    0.683079       1.000000   \n",
       "Epith.c.size    -0.045528      0.521816   0.751799    0.719668       0.599599   \n",
       "Bare.nuclei     -0.099248      0.593091   0.691709    0.713878       0.670648   \n",
       "Bl.cromatin     -0.060051      0.558428   0.755721    0.735948       0.666715   \n",
       "Normal.nucleoli -0.052072      0.535835   0.722865    0.719446       0.603352   \n",
       "Mitoses         -0.034901      0.350034   0.458693    0.438911       0.417633   \n",
       "Class           -0.080226      0.716001   0.817904    0.818934       0.696800   \n",
       "\n",
       "                 Epith.c.size  Bare.nuclei  Bl.cromatin  Normal.nucleoli  \\\n",
       "Id                  -0.045528    -0.099248    -0.060051        -0.052072   \n",
       "Cl.thickness         0.521816     0.593091     0.558428         0.535835   \n",
       "Cell.size            0.751799     0.691709     0.755721         0.722865   \n",
       "Cell.shape           0.719668     0.713878     0.735948         0.719446   \n",
       "Marg.adhesion        0.599599     0.670648     0.666715         0.603352   \n",
       "Epith.c.size         1.000000     0.585716     0.616102         0.628881   \n",
       "Bare.nuclei          0.585716     1.000000     0.680615         0.584280   \n",
       "Bl.cromatin          0.616102     0.680615     1.000000         0.665878   \n",
       "Normal.nucleoli      0.628881     0.584280     0.665878         1.000000   \n",
       "Mitoses              0.479101     0.339210     0.344169         0.428336   \n",
       "Class                0.682785     0.822696     0.756616         0.712244   \n",
       "\n",
       "                  Mitoses     Class  \n",
       "Id              -0.034901 -0.080226  \n",
       "Cl.thickness     0.350034  0.716001  \n",
       "Cell.size        0.458693  0.817904  \n",
       "Cell.shape       0.438911  0.818934  \n",
       "Marg.adhesion    0.417633  0.696800  \n",
       "Epith.c.size     0.479101  0.682785  \n",
       "Bare.nuclei      0.339210  0.822696  \n",
       "Bl.cromatin      0.344169  0.756616  \n",
       "Normal.nucleoli  0.428336  0.712244  \n",
       "Mitoses          1.000000  0.423170  \n",
       "Class            0.423170  1.000000  "
      ]
     },
     "execution_count": 2,
     "metadata": {},
     "output_type": "execute_result"
    }
   ],
   "source": [
    "import pandas as pd\n",
    "\n",
    "df = pd.read_csv(\"https://raw.githubusercontent.com/abhijitpaul0212/DataSets/main/BreastCancer.csv\")\n",
    "\n",
    "df.corr()\n",
    "\n",
    "# We will get the correlation data for the numerical columns only"
   ]
  },
  {
   "cell_type": "code",
   "execution_count": null,
   "metadata": {},
   "outputs": [],
   "source": []
  }
 ],
 "metadata": {
  "kernelspec": {
   "display_name": ".ineuron_venv",
   "language": "python",
   "name": "python3"
  },
  "language_info": {
   "codemirror_mode": {
    "name": "ipython",
    "version": 3
   },
   "file_extension": ".py",
   "mimetype": "text/x-python",
   "name": "python",
   "nbconvert_exporter": "python",
   "pygments_lexer": "ipython3",
   "version": "3.8.0"
  }
 },
 "nbformat": 4,
 "nbformat_minor": 2
}
